%-- Focal length:
fc = [ 6624.070862; 6624.995786 ];

%-- Principal point:
cc = [ 1008.853968; 1132.158299 ];
%-- Skew coefficient:
alpha_c = -0.000109;

%-- Distortion coefficients:
kc = [-0.159685; 0.037437; -0.000708; -0.000551; 0.000000];


% Extrinsic parameters:
%-- Image #0:
omc_0 = [ 1.733601 ; 1.424360 ; -0.841129 ];
Tc_0 = [ -474.015700 ; -131.411200 ; 2930.417000 ];

%-- 3x4 projection matrix
proj_0 = [ 295.987 6649.16 -772.732 -183456; 2410.08 -661.301 -6239.11 2.4471e+06; -0.843767 0.128734 -0.521041 2930.42];